38
99
97
42
98
69
77
98
19
91
3
43
84
86
14
55
89
69
93
88
40
81
49
64
69
3
20
66
68
17
82
10
89
63
32
61
17
63
68
80
64
45
23
61
13
22
87
55
35
30
69
95
20
98
5
89
51
65
79
95
18
14
47
15
26
16
54
11
59
66
75
22
28
42
87
44
53
8
85
22
64
14
37
20
98
48
18
81
23
55
90
11
52
16
90
87
83
23
3
7
23
9
39
44
1
54
89
27
62
75
73
43
92
10
39
6
7
80
82
32
50
58
76
5
35
38
51
26
29
16
61
24
90
33
7
31
81
6
72
85
32
19
87
40
86
41
71
59
61
23
97
88
33
62
51
33
7
11
26
7
78
39
58
71
13
17
36
63
5
64
50
33
6
10
93
16
10
45
59
61
67
11
44
2
20
28
99
40
15
20
4
54
35
15
1
21
40
95
50
49
88
95
16
82
38
42
26
23
1
4
27
12
68
11
31
94
32
32
50
59
49
77
12
74
58
65
19
76
77
83
21
91
28
45
84
58
29
26
12
47
86
19
44
66
77
34
73
99
91
82
35
88
64
33
18
79
78
69
86
73
65
18
48
25
19
85
6
95
50
72
5
47
7
7
88
87
29
2
18
16
51
15
4
63
61
41
17
85
76
22
32
86
41
84
69
14
23
78
42
2
74
49
63
38
62
99
58
9
24
79
0
51
23
19
53
17
16
3
41
72
51
3
4
51
20
37
33
26
45
21
11
69
27
9
33
90
14
82
13
50
78
22
27
15
36
78
9
43
72
37
27
24
24
14
68
87
50
61
9
24
3
69
2
88
13
55
95
68
61
99
0
39
12
98
13
29
55
71
96
88
64
85
85
14
17
97
81
89
85
57
67
4
74
84
18
32
44
39
51
0
22
98
72
5
3
48
65
92
52
77
27
57
96
81
70
43
57
61
37
26
32
96
24
96
46
10
86
7
33
50
35
30
53
12
65
82
9
44
93
0
66
89
33
85
50
71
84
6
57
26
35
70
93
92
94
85
75
99
40
73
99
82
49
36
23
91
72
21
85
40
70
71
7
92
31
11
97
50
17
34
7
30
6
19
83
12
92
69
56
60
72
41
3
71
61
84
61
6
38
35
99
23
77
43
23
34
40
62
70
21
45
45
94
18
88
92
8
6
37
71
88
53
42
90
69
60
22
68
96
87
58
1
8
55
93
11
97
60
51
37
35
72
79
82
73
15
77
67
60
90
10
88
29
75
62
7
28
96
37
17
54
19
89
58
20
22
64
35
29
87
85
1
45
20
74
51
44
33
8
7
96
74
77
83
92
50
66
74
17
24
56
84
86
2
29
74
84
75
55
37
13
97
26
42
60
19
13
20
8
34
7
42
52
82
95
54
3
41
88
47
54
93
16
17
24
51
75
58
75
84
72
4
74
81
95
83
0
15
49
85
83
58
41
97
31
81
97
23
39
98
91
9
21
1
9
94
69
64
47
60
44
48
22
84
64
94
69
94
69
50
83
74
22
57
2
48
90
59
77
57
23
40
60
95
96
78
31
41
16
44
49
37
72
83
18
70
70
47
15
21
63
60
18
30
72
21
61
13
35
99
88
6
22
99
29
80
51
45
10
99
43
68
38
15
37
81
7
59
53
68
81
0
84
41
14
65
99
89
44
78
75
7
14
29
98
37
13
55
20
17
0
50
75
2
21
51
64
5
16
73
99
87
9
38
11
91
24
70
76
59
26
28
91
30
76
96
84
86
58
0
95
39
23
50
45
45
97
57
89
65
44
49
92
61
50
63
95
87
67
51
80
71
28
34
35
63
73
43
19
93
0
96
96
66
31
60
63
99
99
25
90
62
98
27
1
88
22
7
8
11
88
14
59
12
1
26
62
44
6
48
51
13
86
57
78
23
8
9
65
68
6
75
36
77
56
84
86
46
85
85
36
90
64
2
65
4
33
86
70
36
55
79
32
11
12
9
0
67
44
96
13
7
98
45
96
42
23
44
88
5
41
15
30
28
10
15
28
69
83
82
15
14
18
97
59
68
38
74
66
50
89
46
76
76
77
66
78
73
23
22
34
1
84
60
59
29
36
31
15
42
97
13
27
95
26
6
26
7
35
81
76
35
3
54
3
28
32
2
4
93
13
94
98
29
62
58
10
18
49
38
11
17
69
29
55
38
68
33
96
55
14
79
87
51
70
32
25
39
47
30
58
85
67
5
48
91
58
67
93
95
84
35
79
18
49
18
45
4
44
60
26
43
36
45
44
85
43
29
76
31
5
10
81
68
84
46
89
2
97
24
6
54
46
30
31
34
23
66
96
98
68
54
26
92
40
16
47
72
24
52
95
64
73
9
26
98
68
51
48
93
99
94
97
10
1
77
43
54
90
3
8
22
18
46
60
38
4
77
70
76
7
56
7
29
84
95
6
46
95
31
77
75
66
4
26
17
43
49
8
18
11
18
54
54
85
20
28
70
62
9
10
32
22
59
19
18
16
3
60
97
23
5
74
81
99
44
6
39
18
69
83
78
93
37
31
44
61
20
31
88
76
53
17
57
68
90
56
71
60
69
51
68
2
79
26
84
72
10
20
40
73
37
17
73
85
97
9
95
58
49
71
21
60
69
99
82
35
64
29
20
25
11
1
58
8
28
40
40
87
4
78
38
28
83
53
31
16
6
47
0
89
4
3
80
75
68
21
30
99
51
37
92
73
55
49
32
42
53
10
25
56
47
70
82
94
95
86
67
36
47
48
1
68
77
1
96
5
2
84
21
42
77
9
72
61
79
18
90
80
53
54
59
97
69
30
51
26
27
39
41
36
4
62
85
33
2
79
88
71
88
5
36
4
1
89
5
61
73
46
78
31
73
29
56
35
81
96
93
24
74
72
20
88
88
29
89
14
8
43
64
16
35
63
4
46
51
20
75
93
10
80
84
7
46
28
59
75
96
23
53
87
49
69
11
69
36
95
52
86
76
38
0
49
92
60
78
69
80
79
89
28
5
17
87
93
29
82
88
3
61
35
90
35
21
70
26
70
8
20
43
83
3
46
33
19
20
12
30
73
15
11
93
84
61
75
34
71
95
32
84
12
76
96
30
0
90
88
44
72
57
49
92
2
31
15
96
42
80
29
90
45
35
48
40
10
21
40
34
99
89
84
85
6
8
21
82
56
32
80
65
57
71
34
16
6
55
33
45
40
18
48
15
10
44
22
76
45
33
71
38
31
47
29
13
92
7
33
81
11
79
54
0
28
98
37
7
32
46
68
31
76
90
70
42
74
72
87
89
20
49
22
64
36
90
77
77
67
43
55
53
29
5
45
27
15
73
94
9
11
60
44
43
81
72
55
92
78
62
84
71
8
45
12
63
15
36
42
20
15
85
80
18
80
69
72
7
0
14
68
1
30
4
41
26
51
22
84
23
52
62
20
15
32
93
3
90
80
61
41
76
77
40
20
22
4
74
30
85
91
85
8
84
93
83
65
50
90
81
25
93
59
87
26
65
25
51
50
97
4
12
89
27
42
24
50
60
66
89
7
76
90
49
70
39
36
45
25
48
40
96
67
64
38
52
68
86
30
15
62
93
60
6
78
45
86
50
18
0
15
88
26
50
53
61
59
61
68
51
40
26
25
89
67
80
3
26
92
94
96
66
88
14
73
31
7
61
7
35
27
28
16
91
29
70
34
90
86
87
53
48
56
91
54
83
16
45
11
84
20
60
53
99
95
94
13
56
14
0
11
68
12
14
44
1
27
43
99
27
56
14
44
41
3
85
34
53
8
5
19
49
96
4
5
41
41
71
77
16
74
94
76
37
82
47
91
24
97
78
31
56
2
84
67
59
78
37
70
31
38
39
78
74
24
20
3
92
7
34
94
43
30
13
59
83
59
94
85
69
34
83
58
67
38
35
45
52
66
72
22
69
88
55
36
43
40
87
54
69
37
85
58
65
2
45
20
12
96
55
22
23
41
44
7
4
55
54
74
40
63
76
50
83
49
30
7
60
20
81
20
58
68
69
31
46
76
93
34
53
35
52
83
54
64
21
98
67
28
5
7
41
21
26
12
76
67
46
97
41
49
32
49
69
90
55
42
47
38
70
40
72
15
78
2
6
52
16
10
43
56
36
59
38
82
42
70
57
32
69
4
72
94
38
7
49
88
39
72
57
6
86
43
25
5
11
1
11
96
34
25
42
81
24
49
14
15
67
87
72
54
0
26
87
16
8
84
98
6
53
13
13
5
38
12
38
5
25
54
56
2
10
65
14
80
70
73
2
53
56
54
20
8
37
94
52
80
62
0
11
48
56
36
15
2
51
87
75
85
20
24
46
83
51
50
22
49
71
12
24
76
43
81
85
53
82
39
29
71
26
14
72
0
67
39
41
4
30
5
87
6
42
25
0
12
94
34
34
56
9
49
32
82
10
37
69
13
16
68
59
84
89
28
19
49
85
54
81
51
22
6
50
12
79
50
64
90
67
21
63
85
60
77
43
55
99
23
20
77
26
71
5
22
7
46
89
45
83
12
85
5
33
58
15
78
66
70
1
27
77
63
31
86
21
35
34
95
20
93
7
93
44
81
37
20
8
55
55
45
59
23
57
42
48
51
58
20
65
25
30
45
87
7
84
56
31
11
79
41
36
64
63
11
45
79
23
97
64
30
67
60
71
48
70
73
27
82
75
47
33
75
31
75
92
40
40
68
44
84
3
11
16
54
51
57
42
19
40
52
40
46
58
9
67
82
99
65
30
45
67
77
95
7
27
51
6
87
67
31
87
90
44
98
33
23
77
57
47
64
82
83
62
0
66
32
43
81
35
19
60
58
79
51
78
84
65
50
89
16
17
49
45
29
65
33
62
72
2
7
24
22
88
41
53
47
51
64
53
94
60
57
32
56
87
36
86
98
78
42
22
40
21
74
7
72
67
4
50
81
95
21
8
49
18
31
45
40
11
45
30
37
84
87
82
64
82
22
2
48
3
58
24
64
50
5
43
37
76
83
81
91
80
6
92
81
57
42
99
44
63
89
49
42
74
44
61
42
55
58
70
67
13
82
89
46
34
60
37
80
59
84
44
48
40
97
68
43
22
12
2
1
8
40
8
79
93
47
50
26
71
71
21
32
18
44
80
63
3
34
65
50
8
29
74
16
83
54
14
64
60
41
20
2
1
58
93
82
17
49
27
78
98
1
40
55
23
43
25
7
68
28
33
41
62
92
97
17
65
57
35
64
57
30
41
60
83
61
9
71
38
56
25
84
96
77
84
67
4
28
0
17
11
45
80
12
3
4
24
35
76
85
32
67
45
34
4
97
16
44
75
35
96
94
99
55
74
81
27
70
70
57
60
65
56
87
52
14
5
99
78
34
45
25
29
69
61
25
70
31
45
38
39
14
61
22
28
79
20
67
24
72
28
16
23
67
78
54
93
81
50
56
29
3
58
11
92
71
59
39
40
45
18
67
43
94
65
60
98
69
99
67
88
86
67
8
94
32
65
55
25
0
81
88
25
86
35
22
20
42
19
16
71
12
64
64
26
17
42
35
20
49
50
54
6
0
91
97
5
23
58
89
42
59
36
18
38
65
6
18
9
60
72
13
80
75
79
68
68
2
96
24
54
64
1
67
52
23
9
65
37
87
41
35
17
93
54
35
48
44
18
71
57
29
62
61
69
48
16
42
32
6
99
71
49
56
86
28
79
42
74
86
45
75
9
73
66
12
77
12
75
93
56
23
9
83
64
89
91
60
77
51
82
88
96
82
6
78
59
97
58
87
2
25
94
11
70
44
89
44
88
53
37
75
98
34
80
28
6
82
36
17
87
79
44
37
0
39
10
65
21
57
9
43
28
71
61
57
15
79
12
88
6
10
80
16
73
73
13
25
61
47
87
59
46
99
42
83
67
72
80
60
20
56
89
64
43
65
60
64
14
24
59
65
97
64
40
39
83
76
26
44
15
6
37
42
54
7
29
34
30
90
50
8
68
29
43
99
90
20
55
36
46
50
27
41
80
95
76
98
81
72
33
21
22
49
49
81
95
53
86
74
62
99
20
93
44
88
9
19
28
13
80
43
52
27
11
75
39
26
1
51
75
48
19
69
64
95
85
56
72
13
0
14
25
88
51
83
50
50
78
42
26
93
32
67
89
72
45
24
8
99
49
47
29
53
4
35
92
86
80
72
31
0
3
89
34
55
67
99
29
33
89
24
76
93
35
51
53
63
99
10
62
59
53
7
49
64
43
92
98
81
27
87
29
44
61
86
76
96
73
22
1
57
35
36
91
65
84
88
61
14
10
39
50
53
18
30
98
50
56
53
12
48
67
33
74
13
14
15
65
61
31
39
30
52
86
71
33
6
13
56
77
5
11
94
99
62
97
62
45
48
51
77
0
47
93
80
69
44
3
46
41
21
32
33
30
20
94
14
97
50
13
3
1
12
74
48
53
19
14
39
87
16
2
98
36
52
6
64
79
79
55
25
83
56
58
91
97
22
6
23
78
55
48
3
83
43
52
81
28
78
56
26
83
33
62
14
56
69
40
24
81
10
50
14
14
38
41
74
35
18
56
25
13
18
34
9
87
97
32
16
28
16
48
94
73
21
7
76
4
9
73
50
49
19
90
79
51
90
8
42
4
86
12
88
80
66
80
25
49
76
64
40
91
64
68
41
49
55
96
63
49
76
99
95
32
64
93
16
38
73
48
85
98
62
36
91
83
75
78
18
84
49
97
48
78
99
59
63
29
72
57
62
6
33
89
26
10
9
37
12
43
49
50
14
35
95
29
61
43
0
78
88
19
36
90
1
2
40
79
41
39
77
21
69
13
40
6
70
10
89
27
73
25
75
32
64
34
83
93
71
51
37
57
29
84
22
35
4
1
12
39
83
32
4
16
11
41
83
60
54
24
93
50
34
75
47
46
47
37
28
98
91
14
1
54
14
28
65
59
9
64
14
73
52
36
97
32
51
17
87
27
25
14
33
85
49
98
35
39
81
25
79
92
79
99
63
5
37
53
31
98
37
36
20
1
9
47
5
17
83
55
95
43
25
74
71
7
76
50
51
45
96
11
92
52
68
87
3
69
83
88
59
95
21
31
20
66
63
54
89
17
4
68
95
10
83
17
29
18
89
66
63
44
58
14
24
86
90
48
95
97
79
63
64
74
24
94
38
98
17
97
94
19
10
34
82
49
89
78
47
18
13
90
94
22
68
94
56
13
76
92
41
35
0
58
7
93
47
4
73
75
66
77
57
54
39
77
22
81
14
7
56
16
75
63
45
26
95
22
40
19
8
49
19
58
14
47
87
8
4
35
90
12
14
97
7
6
83
9
44
27
58
85
70
55
66
61
18
58
0
52
94
71
44
32
55
70
95
35
65
40
20
44
80
73
84
0
93
53
10
13
32
82
75
35
89
35
15
94
8
26
68
70
0
82
86
12
41
21
98
54
85
59
2
47
7
56
13
87
55
79
44
69
82
95
40
13
71
64
76
49
8
43
80
11
97
91
60
60
45
66
55
88
21
53
77
4
0
93
86
29
19
51
57
32
1
21
59
68
41
47
62
32
11
95
81
14
50
56
85
48
99
19
67
9
58
66
81
77
79
49
18
3
18
43
16
35
7
75
34
37
31
55
16
60
64
90
41
85
85
36
18
36
88
22
72
47
75
50
27
5
54
9
31
11
5
65
69
56
64
89
68
69
56
65
15
6
34
73
74
54
17
16
25
33
28
72
9
59
28
26
87
71
44
46
44
82
41
58
84
9
61
78
65
18
92
96
51
18
74
41
27
57
24
42
60
88
30
46
0
14
85
31
83
13
1
24
95
60
50
79
79
87
70
65
41
64
32
34
34
20
6
36
72
41
95
19
76
25
0
16
50
59
39
55
53
72
60
22
92
24
68
25
51
98
37
44
66
25
72
48
17
75
64
27
76
13
92
84
68
70
99
58
63
24
54
86
19
60
63
56
95
13
1
38
98
51
77
45
45
72
66
9
21
50
20
24
60
51
81
91
65
88
62
8
66
82
42
45
26
2
13
29
63
10
14
9
13
28
44
68
64
95
87
44
89
68
73
79
61
35
92
56
57
90
87
95
60
28
67
53
61
21
70
32
17
3
62
56
25
24
69
96
88
93
14
70
96
6
59
54
69
3
28
63
27
47
14
5
38
22
22
45
59
70
14
71
48
86
3
47
63
57
98
21
43
3
60
93
68
93
55
68
33
80
35
16
77
98
6
87
15
69
17
41
70
7
26
25
30
43
9
84
18
25
90
67
41
44
7
68
58
81
12
18
30
46
90
72
16
83
7
69
31
48
90
41
1
73
2
0
18
40
12
86
85
73
72
96
12
86
74
92
94
63
92
43
36
39
68
62
93
48
12
61
9
67
17
79
75
6
58
85
28
68
20
44
81
90
30
44
45
11
8
78
98
66
93
61
15
16
19
80
37
19
31
61
74
84
70
37
49
99
54
77
49
21
60
40
23
45
19
86
97
18
8
25
47
80
0
80
69
24
84
16
18
5
66
48
36
98
12
9
56
65
85
53
85
65
62
45
53
99
73
84
34
22
84
81
22
54
70
38
45
36
6
33
10
54
55
90
88
66
82
46
70
19
71
42
14
25
64
19
69
38
42
23
29
24
88
54
31
58
6
73
26
97
52
60
80
88
36
57
84
57
43
78
95
66
44
21
99
79
43
1
26
7
48
31
39
38
39
6
25
49
81
28
0
79
0
4
58
35
26
83
95
40
99
33
35
95
72
88
69
39
55
34
5
83
96
70
47
45
10
33
56
17
50
55
67
90
43
95
33
76
74
10
70
34
3
35
76
49
16
81
31
4
26
86
36
24
66
69
28
42
84
26
8
25
21
53
95
29
15
37
21
72
3
13
32
72
59
47
30
14
86
37
29
77
54
80
1
32
84
98
99
38
97
40
10
96
42
35
30
72
35
85
6
8
59
24
68
0
22
58
21
56
76
9
66
26
91
13
57
63
48
88
45
47
38
1
16
99
39
49
20
43
33
10
60
3
15
37
82
24
59
99
2
77
46
79
62
9
69
65
37
92
38
86
1
71
14
89
32
45
49
70
43
75
72
61
52
5
52
85
24
31
95
55
16
84
59
12
12
60
10
2
19
64
67
36
15
59
29
88
94
26
72
94
26
3
17
15
18
39
32
22
70
3
9
78
12
42
69
20
82
86
90
63
3
75
87
65
69
96
57
55
36
92
78
23
30
75
16
95
28
53
81
29
40
75
8
43
25
41
64
25
57
12
36
52
75
3
23
76
7
54
47
47
43
81
33
64
73
93
40
72
67
46
55
29
78
57
73
53
13
14
25
9
2
61
91
54
31
20
29
39
27
51
47
17
74
77
2
57
60
66
28
75
93
70
93
82
87
46
62
98
29
33
5
16
10
57
0
77
67
96
90
72
36
37
21
81
93
68
62
78
43
80
48
75
42
1
95
45
67
61
57
13
76
10
25
73
98
40
10
32
92
66
16
43
48
10
59
63
81
16
47
86
87
50
87
51
57
46
65
1
52
21
12
36
73
72
53
20
68
65
0
18
97
21
27
59
23
35
89
38
75
19
51
96
40
54
92
12
2
68
70
23
11
37
82
87
69
49
22
62
42
70
55
70
4
25
30
56
13
0
96
32
98
89
37
44
92
10
96
80
77
78
6
62
36
6
97
37
48
57
15
43
88
35
34
36
31
44
20
62
11
20
99
73
84
85
89
38
51
74
66
1
55
99
7
33
11
48
67
18
85
92
19
25
41
21
94
61
33
6
44
86
20
41
48
65
46
54
4
90
37
61
40
92
38
27
38
26
36
27
86
91
44
49
83
60
4
62
7
20
16
46
82
46
2
16
83
5
24
49
82
30
35
81
47
1
62
91
46
73
12
11
37
76
14
33
80
84
53
31
64
53
87
29
36
39
97
91
89
18
63
56
42
23
88
98
57
68
78
15
40
8
93
48
13
15
43
50
7
94
46
10
56
6
70
36
34
83
0
29
35
84
52
21
75
18
78
86
16
94
25
39
28
1
24
10
79
51
6
68
29
18
22
61
93
22
68
27
5
71
42
2
85
80
31
92
62
96
47
82
29
28
4
56
34
75
33
7
68
43
40
77
4
65
7
73
53
37
66
29
59
19
34
57
66
85
83
32
47
28
26
25
17
76
91
2
9
18
88
77
58
61
38
70
45
34
27
90
19
79
70
72
10
54
67
60
61
94
99
35
39
82
11
10
66
1
50
95
87
44
7
95
32
95
82
53
81
96
12
11
16
66
22
49
13
60
92
52
64
4
70
69
48
15
97
64
89
34
53
15
8
65
4
9
4
7
43
51
73
83
46
15
39
78
37
71
4
99
43
29
57
27
96
82
35
63
12
47
10
38
82
11
33
14
65
51
39
37
91
19
70
11
62
60
43
91
56
99
19
62
5
8
72
73
17
54
25
33
96
83
1
87
8
39
35
17
9
96
9
82
91
34
86
24
12
37
9
1
7
46
35
93
78
52
49
85
57
16
77
98
84
55
80
57
19
63
67
78
24
71
28
9
34
67
84
34
92
86
39
94
68
31
31
90
71
8
16
48
40
62
63
69
60
59
13
29
98
30
80
94
20
6
53
19
6
27
84
56
88
90
36
21
14
91
62
14
8
67
72
57
64
10
84
17
76
63
46
49
2
30
46
96
51
33
50
79
71
35
4
51
24
27
71
18
32
69
1
37
71
93
12
75
80
71
12
22
62
22
63
78
77
63
11
24
61
48
72
37
1
77
97
15
95
15
35
92
38
5
59
3
99
21
85
81
49
95
21
42
34
11
8
73
2
62
3
88
14
62
21
44
96
90
95
14
68
54
56
49
10
8
28
69
83
13
1
10
85
66
24
46
98
46
20
36
7
64
66
77
9
7
81
68
59
41
88
40
39
50
53
63
43
9
13
47
35
95
90
30
23
5
10
81
77
19
47
85
66
49
22
56
65
57
-1
55
75
32
81
56
62
30
30
8
89
7
67
99
42
11
75
49
52
81
76
76
9
96
46
76
91
3
38
50
67
8
22
71
79
88
41
19
41
52
53
40
27
36
39
16
28
36
33
98
94
26
14
-1
96
35
17
37
30
18
91
13
99
9
59
74
-1
94
61
54
34
84
6
56
42
44
72
82
29
0
72
67
59
84
92
97
14
29
5
37
-1
93
26
64
22
55
37
23
63
13
55
83
78
14
98
74
64
0
39
-1
-1
72
27
17
-1
1
88
94
67
22
45
91
76
58
55
77
-1
32
30
68
10
16
-1
52
17
65
90
22
93
96
51
-1
-2
